1.202400000000000000e+04
0.000000000000000000e+00
0.000000000000000000e+00
0.000000000000000000e+00
0.000000000000000000e+00
0.000000000000000000e+00
0.000000000000000000e+00
0.000000000000000000e+00
0.000000000000000000e+00
0.000000000000000000e+00
0.000000000000000000e+00
0.000000000000000000e+00
0.000000000000000000e+00
0.000000000000000000e+00
0.000000000000000000e+00
0.000000000000000000e+00
0.000000000000000000e+00
0.000000000000000000e+00
0.000000000000000000e+00
0.000000000000000000e+00
0.000000000000000000e+00
0.000000000000000000e+00
0.000000000000000000e+00
0.000000000000000000e+00
0.000000000000000000e+00
0.000000000000000000e+00
0.000000000000000000e+00
0.000000000000000000e+00
0.000000000000000000e+00
0.000000000000000000e+00
0.000000000000000000e+00
0.000000000000000000e+00
0.000000000000000000e+00
0.000000000000000000e+00
0.000000000000000000e+00
0.000000000000000000e+00
0.000000000000000000e+00
0.000000000000000000e+00
0.000000000000000000e+00
0.000000000000000000e+00
0.000000000000000000e+00
0.000000000000000000e+00
0.000000000000000000e+00
0.000000000000000000e+00
0.000000000000000000e+00
0.000000000000000000e+00
0.000000000000000000e+00
0.000000000000000000e+00
0.000000000000000000e+00
0.000000000000000000e+00
0.000000000000000000e+00
0.000000000000000000e+00
0.000000000000000000e+00
0.000000000000000000e+00
0.000000000000000000e+00
0.000000000000000000e+00
0.000000000000000000e+00
0.000000000000000000e+00
0.000000000000000000e+00
0.000000000000000000e+00
0.000000000000000000e+00
0.000000000000000000e+00
0.000000000000000000e+00
0.000000000000000000e+00
0.000000000000000000e+00
0.000000000000000000e+00
0.000000000000000000e+00
0.000000000000000000e+00
0.000000000000000000e+00
0.000000000000000000e+00
0.000000000000000000e+00
0.000000000000000000e+00
0.000000000000000000e+00
0.000000000000000000e+00
0.000000000000000000e+00
0.000000000000000000e+00
0.000000000000000000e+00
0.000000000000000000e+00
0.000000000000000000e+00
1.000000000000000000e+00
3.000000000000000000e+00
4.000000000000000000e+00
5.000000000000000000e+00
1.000000000000000000e+00
4.000000000000000000e+00
1.300000000000000000e+01
8.000000000000000000e+00
1.100000000000000000e+01
8.000000000000000000e+00
8.000000000000000000e+00
1.100000000000000000e+01
8.000000000000000000e+00
2.000000000000000000e+01
2.000000000000000000e+01
2.200000000000000000e+01
1.100000000000000000e+01
1.800000000000000000e+01
1.500000000000000000e+01
3.200000000000000000e+01
1.900000000000000000e+01
1.900000000000000000e+01
2.900000000000000000e+01
3.700000000000000000e+01
2.400000000000000000e+01
5.900000000000000000e+01
3.900000000000000000e+01
5.000000000000000000e+01
4.100000000000000000e+01
5.800000000000000000e+01
3.800000000000000000e+01
4.800000000000000000e+01
6.100000000000000000e+01
5.200000000000000000e+01
6.100000000000000000e+01
5.600000000000000000e+01
5.700000000000000000e+01
6.000000000000000000e+01
5.500000000000000000e+01
5.500000000000000000e+01
5.700000000000000000e+01
7.300000000000000000e+01
8.000000000000000000e+01
7.700000000000000000e+01
7.400000000000000000e+01
9.000000000000000000e+01
9.500000000000000000e+01
9.900000000000000000e+01
1.030000000000000000e+02
1.130000000000000000e+02
9.800000000000000000e+01
1.250000000000000000e+02
1.090000000000000000e+02
1.500000000000000000e+02
1.170000000000000000e+02
1.720000000000000000e+02
1.680000000000000000e+02
2.160000000000000000e+02
2.280000000000000000e+02
3.470000000000000000e+02
3.480000000000000000e+02
4.840000000000000000e+02
5.200000000000000000e+02
5.450000000000000000e+02
5.130000000000000000e+02
5.160000000000000000e+02
4.900000000000000000e+02
5.350000000000000000e+02
4.410000000000000000e+02
5.110000000000000000e+02
4.700000000000000000e+02
5.970000000000000000e+02
5.710000000000000000e+02
6.380000000000000000e+02
5.280000000000000000e+02
6.640000000000000000e+02
5.320000000000000000e+02
6.320000000000000000e+02
6.380000000000000000e+02
6.940000000000000000e+02
6.380000000000000000e+02
6.950000000000000000e+02
6.380000000000000000e+02
7.420000000000000000e+02
6.220000000000000000e+02
6.050000000000000000e+02
5.350000000000000000e+02
5.670000000000000000e+02
4.810000000000000000e+02
5.010000000000000000e+02
4.510000000000000000e+02
4.620000000000000000e+02
3.830000000000000000e+02
5.030000000000000000e+02
4.080000000000000000e+02
4.500000000000000000e+02
3.580000000000000000e+02
4.190000000000000000e+02
3.950000000000000000e+02
4.800000000000000000e+02
3.710000000000000000e+02
4.770000000000000000e+02
3.930000000000000000e+02
4.630000000000000000e+02
4.330000000000000000e+02
4.480000000000000000e+02
4.060000000000000000e+02
4.170000000000000000e+02
3.580000000000000000e+02
3.930000000000000000e+02
3.630000000000000000e+02
3.880000000000000000e+02
3.830000000000000000e+02
4.230000000000000000e+02
3.550000000000000000e+02
5.030000000000000000e+02
3.690000000000000000e+02
3.920000000000000000e+02
3.740000000000000000e+02
3.880000000000000000e+02
3.360000000000000000e+02
3.700000000000000000e+02
3.260000000000000000e+02
3.600000000000000000e+02
3.340000000000000000e+02
3.230000000000000000e+02
2.930000000000000000e+02
3.530000000000000000e+02
2.590000000000000000e+02
2.860000000000000000e+02
2.840000000000000000e+02
2.670000000000000000e+02
2.370000000000000000e+02
2.830000000000000000e+02
2.330000000000000000e+02
2.790000000000000000e+02
2.120000000000000000e+02
2.590000000000000000e+02
2.180000000000000000e+02
2.610000000000000000e+02
2.020000000000000000e+02
2.520000000000000000e+02
1.980000000000000000e+02
2.200000000000000000e+02
1.850000000000000000e+02
1.780000000000000000e+02
1.870000000000000000e+02
1.970000000000000000e+02
1.630000000000000000e+02
1.720000000000000000e+02
1.740000000000000000e+02
1.760000000000000000e+02
1.570000000000000000e+02
1.440000000000000000e+02
1.330000000000000000e+02
1.250000000000000000e+02
1.060000000000000000e+02
1.180000000000000000e+02
7.300000000000000000e+01
1.000000000000000000e+02
7.300000000000000000e+01
5.800000000000000000e+01
3.100000000000000000e+01
3.100000000000000000e+01
9.000000000000000000e+00
1.000000000000000000e+00
0.000000000000000000e+00
0.000000000000000000e+00
0.000000000000000000e+00
0.000000000000000000e+00
0.000000000000000000e+00
0.000000000000000000e+00
0.000000000000000000e+00
0.000000000000000000e+00
0.000000000000000000e+00
0.000000000000000000e+00
0.000000000000000000e+00
