6.866000000000000000e+03
0.000000000000000000e+00
0.000000000000000000e+00
0.000000000000000000e+00
0.000000000000000000e+00
0.000000000000000000e+00
0.000000000000000000e+00
0.000000000000000000e+00
0.000000000000000000e+00
0.000000000000000000e+00
0.000000000000000000e+00
0.000000000000000000e+00
0.000000000000000000e+00
0.000000000000000000e+00
0.000000000000000000e+00
0.000000000000000000e+00
0.000000000000000000e+00
0.000000000000000000e+00
0.000000000000000000e+00
0.000000000000000000e+00
0.000000000000000000e+00
0.000000000000000000e+00
0.000000000000000000e+00
0.000000000000000000e+00
0.000000000000000000e+00
0.000000000000000000e+00
0.000000000000000000e+00
0.000000000000000000e+00
0.000000000000000000e+00
0.000000000000000000e+00
0.000000000000000000e+00
0.000000000000000000e+00
0.000000000000000000e+00
0.000000000000000000e+00
0.000000000000000000e+00
0.000000000000000000e+00
0.000000000000000000e+00
0.000000000000000000e+00
0.000000000000000000e+00
0.000000000000000000e+00
0.000000000000000000e+00
0.000000000000000000e+00
0.000000000000000000e+00
0.000000000000000000e+00
0.000000000000000000e+00
0.000000000000000000e+00
0.000000000000000000e+00
0.000000000000000000e+00
0.000000000000000000e+00
0.000000000000000000e+00
0.000000000000000000e+00
0.000000000000000000e+00
0.000000000000000000e+00
0.000000000000000000e+00
0.000000000000000000e+00
0.000000000000000000e+00
0.000000000000000000e+00
0.000000000000000000e+00
0.000000000000000000e+00
0.000000000000000000e+00
0.000000000000000000e+00
0.000000000000000000e+00
0.000000000000000000e+00
0.000000000000000000e+00
0.000000000000000000e+00
0.000000000000000000e+00
0.000000000000000000e+00
0.000000000000000000e+00
0.000000000000000000e+00
0.000000000000000000e+00
0.000000000000000000e+00
0.000000000000000000e+00
0.000000000000000000e+00
0.000000000000000000e+00
0.000000000000000000e+00
0.000000000000000000e+00
0.000000000000000000e+00
0.000000000000000000e+00
0.000000000000000000e+00
0.000000000000000000e+00
0.000000000000000000e+00
0.000000000000000000e+00
0.000000000000000000e+00
1.000000000000000000e+00
0.000000000000000000e+00
0.000000000000000000e+00
2.000000000000000000e+00
0.000000000000000000e+00
4.000000000000000000e+00
6.000000000000000000e+00
1.200000000000000000e+01
1.000000000000000000e+01
1.300000000000000000e+01
1.400000000000000000e+01
3.000000000000000000e+01
3.200000000000000000e+01
5.500000000000000000e+01
6.900000000000000000e+01
1.100000000000000000e+02
1.300000000000000000e+02
1.670000000000000000e+02
1.670000000000000000e+02
2.370000000000000000e+02
2.340000000000000000e+02
2.790000000000000000e+02
3.130000000000000000e+02
3.620000000000000000e+02
3.990000000000000000e+02
4.750000000000000000e+02
4.900000000000000000e+02
5.760000000000000000e+02
5.530000000000000000e+02
6.300000000000000000e+02
5.760000000000000000e+02
5.860000000000000000e+02
5.490000000000000000e+02
5.810000000000000000e+02
5.180000000000000000e+02
5.820000000000000000e+02
5.450000000000000000e+02
5.650000000000000000e+02
4.190000000000000000e+02
4.300000000000000000e+02
4.130000000000000000e+02
4.600000000000000000e+02
3.530000000000000000e+02
3.610000000000000000e+02
2.990000000000000000e+02
3.190000000000000000e+02
3.010000000000000000e+02
3.140000000000000000e+02
2.540000000000000000e+02
2.590000000000000000e+02
1.990000000000000000e+02
2.310000000000000000e+02
1.880000000000000000e+02
2.010000000000000000e+02
1.550000000000000000e+02
1.640000000000000000e+02
1.490000000000000000e+02
1.360000000000000000e+02
1.140000000000000000e+02
1.140000000000000000e+02
8.500000000000000000e+01
8.700000000000000000e+01
5.300000000000000000e+01
6.600000000000000000e+01
7.400000000000000000e+01
6.800000000000000000e+01
6.100000000000000000e+01
5.700000000000000000e+01
5.700000000000000000e+01
6.100000000000000000e+01
3.500000000000000000e+01
6.300000000000000000e+01
3.600000000000000000e+01
4.500000000000000000e+01
4.500000000000000000e+01
3.600000000000000000e+01
3.400000000000000000e+01
3.200000000000000000e+01
3.400000000000000000e+01
2.800000000000000000e+01
2.300000000000000000e+01
2.300000000000000000e+01
1.700000000000000000e+01
2.900000000000000000e+01
2.200000000000000000e+01
2.700000000000000000e+01
2.200000000000000000e+01
2.900000000000000000e+01
1.200000000000000000e+01
2.000000000000000000e+01
2.000000000000000000e+01
3.100000000000000000e+01
1.700000000000000000e+01
2.600000000000000000e+01
1.300000000000000000e+01
3.700000000000000000e+01
1.100000000000000000e+01
1.600000000000000000e+01
1.400000000000000000e+01
2.500000000000000000e+01
1.400000000000000000e+01
1.200000000000000000e+01
1.900000000000000000e+01
1.600000000000000000e+01
1.100000000000000000e+01
1.300000000000000000e+01
7.000000000000000000e+00
1.300000000000000000e+01
1.800000000000000000e+01
1.200000000000000000e+01
1.300000000000000000e+01
1.600000000000000000e+01
2.400000000000000000e+01
1.100000000000000000e+01
1.700000000000000000e+01
2.400000000000000000e+01
1.500000000000000000e+01
1.500000000000000000e+01
1.600000000000000000e+01
2.000000000000000000e+01
1.100000000000000000e+01
2.100000000000000000e+01
1.000000000000000000e+01
1.400000000000000000e+01
1.900000000000000000e+01
1.800000000000000000e+01
1.800000000000000000e+01
1.600000000000000000e+01
1.300000000000000000e+01
1.700000000000000000e+01
2.500000000000000000e+01
1.700000000000000000e+01
1.200000000000000000e+01
2.800000000000000000e+01
1.100000000000000000e+01
2.000000000000000000e+01
2.100000000000000000e+01
1.200000000000000000e+01
1.800000000000000000e+01
1.600000000000000000e+01
1.400000000000000000e+01
2.100000000000000000e+01
2.500000000000000000e+01
2.200000000000000000e+01
1.800000000000000000e+01
2.300000000000000000e+01
2.700000000000000000e+01
4.900000000000000000e+01
2.400000000000000000e+01
2.900000000000000000e+01
2.300000000000000000e+01
2.700000000000000000e+01
3.000000000000000000e+01
4.500000000000000000e+01
4.300000000000000000e+01
3.800000000000000000e+01
5.100000000000000000e+01
5.100000000000000000e+01
4.500000000000000000e+01
5.400000000000000000e+01
5.000000000000000000e+01
3.500000000000000000e+01
7.000000000000000000e+01
1.000000000000000000e+00
0.000000000000000000e+00
0.000000000000000000e+00
0.000000000000000000e+00
0.000000000000000000e+00
0.000000000000000000e+00
0.000000000000000000e+00
0.000000000000000000e+00
0.000000000000000000e+00
0.000000000000000000e+00
